10
12.07341265406842 13.428513897663247
3.789784307396402 19.66795014806169
5.897836343366405 15.291356000507477
7.894442785345486 15.940467898306016
11.062331934755314 3.796311382560229
12.19705820347421 3.821374780776532
15.054018405239527 5.800282076501933
1.6726524520994723 0.9564739968432434
5.63861519687898 15.12500039113621
14.249552307421043 11.917280778895488
16.163242077305608 18.260927042673007
5.447752969248098 3.187158965197252
7.353981972095198 18.633333554775533
1.235987377570018 1.0043752835668585
2.810979766883759 4.782739384679619
2.648155182969003 7.892769602795749
6.985856776581192 13.9251587065254
17.594288546160854 12.636498501355554
11.633264726979714 19.095896824979285
2.8207681038036347 8.006115504295357
19.560433728508443 15.443903026805936
2.119032983692375 10.71901365224158
2.9555965716849353 19.23198984352532
5.651556662793304 18.918045024562513
7.658203593493813 1.7114850461794662
9.658398551262454 3.877909891121607
14.440877757434729 19.27818997515475
5.827162930573337 14.699697367337006
13.705081470003876 11.179773503969134
15.253739527050298 17.429727907004477
0.9495107856912521 16.533032499534535
3.1907179659145 13.339640390010308
16.952252539567418 13.5227213747428
7.674914077485742 5.030444204641009
18.814776718403138 5.391931889156805
7.644966468311809 3.5740306135468436
15.847866792202057 10.197297190696208
4.304491496411451 15.081436438766032
17.73662282465672 14.290560674331992
13.255833636284063 10.887912927595753
1.5037005989447905 3.1013424189861794
4.323954793074374 11.970651351566586
8.496983079114447 7.0342147100305885
1.0095541708100453 5.2657894762755
12.959916190903956 15.15647419082719
2.1550387221928413 17.227103793030324
19.699757691527697 14.841288797999809
14.676490590390552 18.269580728108576
9.951041834105677 11.64416616471563
8.10931302548287 0.6668309079855161
1.7385725566990118 10.42898937429623
19.234768098731156 2.0221035962286726
3.876297352052984 16.123124287397708
8.199146358530054 16.60842684024272
1.1954529998195595 0.46940806664902857
16.306846466012363 7.6741933376278375
12.677389424398351 19.75608859581752
0.06316886802926192 5.2362809945683715
13.873525106964646 17.744082384760112
16.06215839991623 5.9335903722757095
10.32690474091491 7.874184827207058
6.959366956127586 4.18964863416734
9.666877078522184 19.32516570882801
10.038935910457347 17.23372515837768
6.630421117830421 12.60694461259087
16.778924173579203 0.4556746192305239
7.470704475161332 2.1113368627152895
14.338351909613191 4.120512578849267
18.04546659286013 5.406133369063159
18.033943119552163 17.64449831916657
3.3348650885936593 12.046567711756156
17.644101381022224 3.435296872888982
15.220449437223253 8.291492298146263
9.772166611132423 18.72456184517816
0.06396119725803562 8.349879518658781
13.520545635454539 0.8720593127850895
17.956680905340576 7.646536734832146
7.371828977051709 9.296251870976239
11.467087903191786 9.08420903069642
1.4425486066834203 15.487019676060473
13.296620962066845 19.392524258161608
11.169754993626418 11.48199376102546
19.46035830667352 9.392512200421265
6.010124680149016 6.7387548889619175
17.441471341352905 19.36872243997905
9.875841042724412 3.5109245488240437
7.225339893563514 8.729228152222799
8.80102805212383 1.6369630601774365
7.201234702297093 17.747102904750957
15.727032582479929 5.076275256528568
16.626524365821112 8.415229061790434
12.314405346945385 4.577990171311823
11.680373922235631 1.309578017029256
13.333933255631443 13.543580008718534
3.090954114254141 5.844384372255053
0.45863895682840106 17.445252858410477
19.902190143819936 12.415920131481181
9.173163153469785 1.0878404944604214
6.153132481362988 16.669856520407375
5.036502980833393 2.552679170421661
5.0750448240454515 18.49047182445136
13.678594556725647 7.8377720221510145
18.868342950485342 1.2982633022902879
12.680761462678243 6.0092886689466996
11.20355677014372 10.855783912733916
12.884592059115267 11.105253313800494
4.2975009818371195 17.019821220342426
11.69332678065615 4.083042844876543
12.747892108733359 16.741302344507265
11.574374815049019 15.778106432246666
12.266663482643969 2.1026059844714617
3.241112210683219 0.14208855736876025
3.034273255758395 13.295227506076028
14.886635714837109 15.954333309297564
14.604322463179535 3.179042274060173
6.361695174634594 4.751515486985392
12.119838095643122 17.42767164873266
0.3335338877925942 2.895930350910605
2.059606226777113 2.2527620625276135
11.231923555864691 16.50376029222368
19.81496575143716 10.313244684905689
17.18319131325244 19.380408332463585
11.104514794642505 4.653945250576208
0.15258174308202532 6.160776226085975
14.566200899437955 0.38118168994351276
15.159815453346425 5.5281445736553625
13.823311274406949 14.271270733876147
0.7022510196483567 11.686094792444718
13.902895841284966 13.62115085236242
9.414574366197904 6.183687900568962
9.092199598538295 7.388606999513982
0.513481406507521 16.744907288557137
7.1507027340476625 5.032857444081986
13.72034755449069 14.929143533446535
18.252407808351826 1.4545621813181442
18.124403168314316 10.250286107963017
6.1150314660113185 10.047568993419862
18.843480051167425 14.807766007301169
13.479805074564716 0.11301983716760278
9.358904776723625 9.533676183317603
14.437606025717454 19.749695858820537
18.04566493434462 0.8358775781601735
12.054179229727826 0.8227885740350938
13.688497046748232 14.717776592404553
11.329242451555192 8.726538229987037
6.669072385478138 14.381246629564142
14.731293317723953 16.394484482302154
10.028995753575163 6.869942259846226
10.381970033589518 9.3743380757268
7.7578616587352585 4.486041892988704
11.420853747119127 6.772777932364429
16.42513901848196 7.514226224791052
19.163623772305808 11.48874989640137
0.6691924364793644 16.21249476163908
2.373511682799958 2.3921256322154583
13.076274602463304 2.0801901719210236
10.298034981363099 10.96786596907053
14.626862551091797 11.08939013064434
8.080018788789465 5.4341127935048945
13.156230863012038 14.866607421349444
19.73393954537358 16.4559089001392
14.170698531814928 9.73751223164858
6.085671920684643 0.3145345003979849
10.88050666167655 8.098184733647404
12.905732954974953 7.755727918655797
8.454823721666845 11.752172600348473
17.923160877062443 9.728334721232972
1.2738994912683066 2.653424592371738
4.48919595154986 4.838217238500022
1.3479266978213844 12.920938747358989
14.366952765216132 17.58053488852387
11.091695636447295 3.0417559594606747
2.455317966708097 11.276783832900447
4.288657869747761 4.8546997606650315
12.21233141190547 5.131272424456233
5.347553706499739 14.208059189183418
12.125336377432966 0.9349866748101565
18.849277733561564 7.110178320332512
0.7822249274477988 11.68307532597046
18.901199840606285 2.7427046023480472
0.9301278517157452 1.7354794059407985
0.9606818256607652 6.882030867166202
1.3649358305199932 16.138498103963542
7.5590642852871675 0.07523919813903657
9.577063994126867 15.338371782460758
3.751928983342394 6.342648535231743
7.785907885079643 0.7562447436688924
18.14097868740394 10.229834895812695
0.32746741713605143 16.55714409533197
0.9573933361134768 2.7077876259189537
1.3166495702050462 3.4339032356870614
1.9660693158338782 9.720634422749574
18.087786557106167 1.3402318504420685
17.844671552775132 11.106159071775895
18.123943118855976 9.8454148115297
1.2109573595579626 12.165111072312772
5.017615973041494 17.14641296935542
1.6163668110747342 5.331092107734237
12.462457705250287 1.7614058604165495
2.593405538592126 15.193575020744092
14.35768864265376 14.542115242874562
8.2388725213431 16.552410389640396
3.813899442148647 2.8805064062459063
17.83452292056069 12.232941383465699
14.180962374466757 3.8487752551543464
7.651283082364493 15.066630562306639
1.1758190029165805 8.499778204095145
15.352664050097836 16.742897319379242
16.76992789360409 5.668370235850546
14.307560512349276 5.163621964031428
2.703199545878181 10.352380954531746
12.642140095328891 11.482582618471952
14.323262955155123 9.115247948569207
15.00507335540936 8.187842089163178
13.9059578257712 12.940600142126202
3.789870221001881 0.3859134817295584
6.69495631747332 16.582380990481656
10.95263983565006 13.87228128025029
12.60547297417921 2.6923576948782846
1.5830967039739474 5.623674806513142
11.869027270406587 18.870171356429502
16.03119717270822 5.023232016409658
13.853278068924777 16.269339848795735
18.661290361495354 17.430504874946912
14.872966189941545 9.505926426978142
18.20022470951343 5.6340199947468905
13.015032699589575 19.3548543246285
17.165369658984137 9.274897311439247
15.833022857342584 12.082135064963722
16.00304053092802 7.505809540239714
10.22290345350676 12.249556714427248
1.337360216745609 15.95034465391874
2.8744613087451465 19.44166661911982
7.124103843402647 15.45361681562757
4.399479023053418 3.603154161615729
12.523619125411198 17.165751534151475
0.5699134667136807 8.53802256241007
10.951440857152196 16.175652456427194
10.05634164318196 18.610230553582497
11.034744382051418 14.213238980500677
9.638954045014067 19.798753579874948
12.097325099884298 0.8641209931410887
15.070425285308605 12.998297883214466
14.315307118770917 12.291467093436847
18.602016014100652 14.82018658576861
16.830334820968343 16.63559555653481
2.6412765050449427 9.136216955296536
5.876513971730248 6.062599246287299
13.09178536083345 11.221565395085628
19.371909325369046 6.8591046157815505
5.632353585297136 15.591099991815184
14.444940093622831 11.021035210544811
13.5251829560315 18.486746400009636
0.010535687917501146 5.460042241804199
6.499480617276829 16.46182534808003
7.780451631445942 8.252035613166235
16.839072710412776 3.6215665364404703
1.986685154046357 15.27803849660171
1.009588137634767 1.8172898577115193
10.61643775800331 15.15836557221563
2.992813518281443 0.45500924491252315
19.101629336457563 5.556906060249947
8.952857113272836 15.567521418816494
1.1754864271742438 19.733077683108547
11.940780311432885 1.4122948007692604
11.003253278675164 8.644793884910964
0.0514007232661684 2.0957786805043432
5.713624090398435 0.9565680132649934
1.7779858787405 15.588019972848524
8.102001604427656 0.9826712891099043
8.267602964625127 17.97976029305384
15.546244156679805 2.8960185719050235
3.7619155118611824 1.9474702562997326
13.070071694568517 18.459265980044435
12.71523824952768 0.1300525180343559
16.008849052918574 15.085361253899094
14.91371611630149 11.484232768031468
10.87698608716594 1.210583142476247
8.376501898599608 6.673936916633494
1.8057326040258026 16.763884025976132
13.90184961310728 17.16223111325959
4.3146677282251344 7.942128038888252
14.828073164675642 11.91268616743674
18.19972863271088 7.551602880307222
10.911343776756857 15.470309566596303
16.96513909280332 4.851960600561482
16.179336072259034 1.6804671987138065
12.49614430275762 12.139528519406628
7.201765384693283 8.417493687603192
10.563976105549784 19.23270490129018
10.42588313437969 0.4329863919797905
5.274014387480561 11.572948466147388
5.057037648204997 19.79704324035454
8.712638029442743 12.830635883912995
11.421428573172951 6.39399112450262
15.817787983631455 18.70585430789124
13.83022754514839 4.547438395013823
3.8927990363489373 15.039975619110322
11.671252678611983 16.087759576304308
1.202586683668121 0.40463342742563135
2.7864314317208794 15.038404501145292
9.735807545560897 1.0105156551928496
19.150307060959758 4.5857024570589955
13.486145279620803 14.079155972788866
16.44687904034844 13.11011954000737
5.500395616670753 4.7466975893197105
6.349100196199451 12.795200382796693
4.460572670363785 11.119378951873504
13.137383197814845 1.6937147609561398
4.711768208225817 2.276271846138378
14.75049436111366 18.11880249496666
12.417049260933695 4.8155906042968954
12.444262374242374 14.841201135311636
4.915191459280965 4.96666068480867
2.940532314190032 9.81191109485052
10.376588839947566 5.34042602613728
2.280856989551885 9.99294509682536
0.497209954304636 8.067154212088026
11.55642467001211 15.36707922698372
0.23999210160973394 9.370771984617905
1.2677667370236456 11.310816516347025
5.527615555820555 4.555059014941156
3.2748191545335614 9.253041961261776
2.310110410629087 16.92769145130278
17.129933575877125 17.905137893258523
18.57529254983563 19.36392804133961
1.0434801556972473 0.3366114366337847
14.639554874151148 13.012490708269702
6.8136978015027205 15.783554880052542
6.4510651157031385 4.071995068004641
12.759498117669532 19.31555745914102
1.6569635075736966 16.61705136018548
9.026943649625004 17.349956079542576
8.830670822390388 17.12893955253833
15.59716002437193 12.490598203773317
16.52496319747812 4.686558600410969
4.905474509017447 17.281569830673835
10.710988695997399 19.699105357707897
18.188601563661773 13.204628922377255
6.682943271858677 3.6127458288865433
7.508725407363103 18.61235415050462
14.652641537182244 2.1993025725952786
3.8603678965072286 7.277311865984295
17.02776829117362 5.835779072310263
5.847951503776749 7.850816638035862
9.762101182351197 1.6093101069240556
3.1290085398916134 13.763150704432901
10.185557450224731 14.132914268369605
14.150010534384116 2.960377676237853
19.366420708606103 14.63321260461248
8.658828370409033 7.361178761128917
8.327651796889961 1.1720414768073906
2.0598646824402844 3.030412098824087
14.333718252993574 16.78968920385315
10.88492368455345 13.804381812620814
5.983895614634389 16.908251016233834
6.484930995253791 13.466085787365094
3.992540171338732 2.5093851565706493
17.504625769698034 14.556982535659904
8.306357794184198 1.401539910802001
10.784400902015292 5.525118640001927
1.6032203095926634 6.317485175662176
5.040478090546228 2.1477122688053085
14.236619392277294 5.6337866421129075
2.0066542295070344 14.029596784851439
6.334374288847206 10.17962026793061
15.677870290109489 12.467192253860622
9.029746795375884 7.903119594013262
1.8778970614771118 2.0809560916315184
8.697637977354049 7.0892273681498015
17.58045764319052 5.357554047515551
15.588083689800447 18.373798393967
12.24514153708575 6.606265368027997
11.393788901690087 15.974489210834847
11.88648722427601 9.822418139235626
19.05797812692657 9.359745608604184
0.6766591693817792 3.563936509737866
2.523364985812493 8.002982546842185
14.589156000550588 15.185360018738429
4.142578331938898 13.919838311373628
16.923030398576504 16.636977026700283
3.1149144527622497 9.36215007143175
6.504132095714043 14.52498973264521
9.583814289841705 0.34309802298411407
15.941910487179033 18.241924284390507
15.923994407003422 10.593733260624354
9.527351769326529 11.714763593821866
9.266696522046235 15.101893459943748
8.189646839724054 16.681571369258666
7.456047014773716 17.56028341963742
12.386231851025592 8.39566049049748
14.399051918454875 11.851290568568798
2.882861446656768 8.269622576084
0.1662804861884437 4.121876070291755
14.087410323351433 12.209844587918264
16.219827293304242 9.052666514945745
14.933134876210561 18.25539155557022
16.789671706532793 11.601158647159473
18.26414838502493 12.62343599177736
13.689078294513157 3.7997177868811605
11.257905364830428 19.37668146105729
3.7542265121696716 5.114849327776724
16.626512499867637 15.666522938095795
15.61277567590199 14.424984889775965
17.170718088873258 1.8689552152919786
5.630612223323849 1.8498206919816962
4.717468720127053 13.918529479202755
11.655550585342922 9.46502155728453
8.553941893428316 13.758935981190552
7.57129559794901 11.361883502504133
18.178006448291857 13.067074763687884
11.69450327861542 5.562330213637139
0.5170836436057891 15.270753557128208
7.692305736321668 12.975404748901644
2.7244216909862162 1.3684398171247714
17.967202723479286 1.8821887772655943
8.243822093496732 16.17276500877123
6.350748991092412 0.3618768860968169
16.04088516466653 13.337773004055082
19.46699867251896 3.622498142202717
0.7308883089084195 9.893174049671632
4.271201819937844 8.375572856645197
4.790416217001397 3.997155591462205
3.0387756064224636 12.194769019396238
13.121918264368759 3.2325758435124485
6.4741058043229565 2.224397420488884
4.9473901588322855 15.009654272887047
0.6282687851440394 4.654378517489071
8.339396156841854 5.501548014933215
13.959287344250239 14.05407906708055
18.654706080071886 19.027485202658752
17.138072255648783 9.958219466543225
3.71782374240317 5.911416478974747
10.09773206395824 17.02380781822623
5.808736336938245 13.582411780033022
8.343458606653513 14.627864668620711
3.341233493258342 13.046322687525578
13.684735097341221 11.951458577171696
13.57518254870747 0.8465095243958287
3.32113987202725 15.39637667829088
1.7881708975760535 15.2447097269383
15.607551774623062 6.606517104198142
12.038967785045038 14.591409999524084
10.844093098555927 1.4168836578498345
9.987275173413162 5.718361166767176
1.0806789687654073 12.72883829047397
9.191285758784925 0.6741623434674127
14.195574168281786 13.611048483054267
18.886578801819308 1.2371132230390813
4.4018837255277 10.851356045602575
3.4569329799263326 2.377827193263218
3.8554462223427644 13.735555071422436
1.6396529152249761 8.20736385420792
8.18211345897269 18.004877301833577
16.96504841100748 6.934933961456997
2.5119497037893423 0.74473597966082
0.01172505567637705 14.972506654773575
4.002403293253738 18.383078407296072
17.766388516777248 14.561922959162628
1.852033362758423 17.027471649768415
5.708889037452101 14.163415399889733
16.45091647160525 2.0458311958149755
4.2002582250105664 16.332700193390743
15.58337756281847 12.09647655869215
12.333540134147459 3.927099506349394
17.493229688082263 1.7389872874702328
9.614226138423213 12.219427674484393
18.141230572969963 16.308108462538243
18.66915338761052 1.8616596905394944
3.1290014981446768 2.9087388177516305
10.639748537845414 5.628676018308854
3.533184266732219 2.1908149471317118
8.997531255269973 10.485668410090224
9.288138196829603 6.988686086619948
7.226825301203476 15.76106143397672
3.77501632029992 15.96035332691719
1.151650761202636 18.070096174171773
8.919589807177623 13.037735838756863
7.640814215619864 14.122495818906078
11.370718029631469 6.7998970609120235
18.00722697974918 3.6609165048028025
17.22589608108611 7.8069533647452864
16.624530830494393 16.515173393097427
15.289840947928543 6.483165472762882
3.116126742316183 0.12050363057750868
16.99661023787221 19.313494965683226
9.928751239168674 6.836416484951052
4.895278930171603 16.91869039065162
6.184748949138259 14.015959718489214
0.993725260101801 13.999745312077362
3.41425492081447 14.013510606033018
1.2746186371591017 8.193356345090088
9.100502545417742 6.182486768338588
13.342224660514217 2.5557866865542467
9.92852041078812 8.402647105774804
0.42817553274996367 14.69332779133797
8.209507037277548 1.7899356540676603
16.878888947098286 4.483320915944999
2.160206609754969 8.980107566828215
17.766847085652635 1.880498057332396
