13	->	326	368	118	455	258	180	54	7	299	
54	->	326	455	258	13	180	7	299	
299	->	326	455	258	13	180	54	7	
326	->	258	13	180	54	7	299	
7	->	326	260	368	414	455	118	258	13	180	54	299	
260	->	484	414	455	215	7	111	
414	->	471	260	368	484	455	118	272	215	450	7	111	154	
455	->	260	368	484	414	215	13	54	7	111	299	
111	->	260	484	414	455	215	
215	->	260	484	414	455	111	
484	->	260	414	455	215	111	
162	->	267	183	417	
267	->	362	405	425	417	162	
183	->	351	269	417	49	186	162	
417	->	267	183	186	162	
49	->	351	87	496	183	359	97	446	269	24	186	
97	->	351	87	496	359	446	383	269	49	345	186	290	301	
186	->	351	87	496	183	359	66	97	446	269	24	417	49	
269	->	351	87	496	183	359	66	97	446	24	49	186	
351	->	87	359	66	97	446	301	496	183	269	24	49	345	186	
359	->	351	87	496	66	97	446	269	24	49	345	186	301	
446	->	351	87	496	359	97	383	269	49	345	186	290	301	
290	->	443	97	446	383	277	345	301	
301	->	351	87	443	359	97	446	383	277	345	290	
383	->	97	446	345	290	301	
92	->	110	443	198	277	176	241	264	142	
142	->	110	308	92	443	198	277	176	75	274	241	264	
176	->	308	277	75	438	142	155	110	92	443	198	274	241	264	
241	->	110	308	92	443	198	277	176	75	438	274	264	142	
264	->	110	308	92	443	198	277	176	218	274	241	142	155	
277	->	92	443	176	345	241	264	290	301	142	
443	->	92	277	176	345	241	264	290	301	142	
75	->	308	138	198	176	438	274	241	124	142	155	
138	->	75	438	274	124	
274	->	138	176	75	438	241	264	142	
438	->	308	138	198	176	75	274	241	124	155	
124	->	138	75	438	
65	->	286	465	404	141	
134	->	448	415	51	465	404	468	192	141	179	499	102	
141	->	448	134	415	65	465	404	468	192	499	102	
192	->	448	134	415	51	465	404	468	141	499	102	
102	->	448	134	51	415	465	468	192	141	179	499	
448	->	134	51	415	465	468	192	141	102	499	
117	->	393	189	167	258	40	376	180	266	190	
167	->	352	368	118	189	258	40	376	117	180	266	154	190	
180	->	368	118	167	258	40	13	7	326	189	117	54	266	299	
189	->	352	368	118	167	258	40	376	117	180	266	154	190	
258	->	368	118	167	40	13	180	7	326	189	117	54	266	154	299	
266	->	189	167	258	117	180	
118	->	471	368	167	258	40	13	180	450	7	352	414	189	469	154	190	
154	->	471	368	118	167	258	40	272	450	352	414	189	469	190	
352	->	368	118	189	167	40	376	469	154	190	
368	->	118	167	258	40	13	180	7	352	414	455	189	154	190	
202	->	471	362	422	309	272	99	234	450	469	357	
272	->	471	362	414	309	99	450	202	469	154	357	
357	->	471	362	309	272	99	234	450	202	469	
450	->	471	414	118	309	272	202	469	154	357	
469	->	352	471	118	272	234	450	202	154	357	
471	->	414	118	309	272	450	202	469	154	357	
99	->	362	405	11	422	309	272	425	234	202	357	
309	->	471	362	405	11	272	99	234	450	202	357	
362	->	405	11	267	309	272	425	99	202	357	
405	->	362	11	267	309	425	99	
24	->	351	87	496	66	359	425	269	49	186	
66	->	351	87	496	359	425	24	269	35	186	
425	->	362	405	11	267	66	339	99	24	
87	->	351	496	359	66	97	446	269	24	49	345	186	301	
496	->	351	87	359	66	97	446	269	24	49	186	
345	->	351	87	443	359	97	446	383	277	290	301	
110	->	308	92	198	176	218	424	241	264	493	142	155	
171	->	4	5	85	107	
155	->	110	308	198	176	75	438	218	424	264	493	348	
198	->	110	308	92	176	75	438	218	241	264	493	142	155	
218	->	110	308	464	5	198	424	264	493	155	
308	->	110	198	176	75	438	218	241	264	493	142	155	
493	->	110	308	198	114	341	218	399	424	348	155	
341	->	114	271	493	348	
348	->	67	114	341	399	271	204	424	493	155	
271	->	286	256	114	341	348	461	
286	->	65	465	404	271	461	
461	->	286	465	404	271	499	
404	->	134	286	415	65	465	468	192	141	499	461	
415	->	448	134	51	465	404	468	192	141	179	499	102	
465	->	448	134	286	415	65	404	468	192	141	499	102	461	
499	->	448	134	415	51	465	404	468	192	141	179	102	461	
51	->	448	134	415	468	192	179	102	499	
179	->	134	415	51	480	468	102	499	419	71	
468	->	448	134	415	51	465	404	192	141	179	102	499	
40	->	352	368	118	189	167	258	376	117	180	154	190	
190	->	352	368	393	118	189	167	40	427	376	117	154	
376	->	352	393	189	167	40	427	117	190	
393	->	253	427	376	57	117	43	190	
234	->	168	173	11	422	309	99	321	313	202	469	357	
11	->	362	405	329	422	339	309	425	99	234	321	
321	->	329	11	168	173	422	339	61	305	234	313	115	
422	->	11	168	173	99	305	234	321	313	202	
35	->	329	149	66	339	61	33	
61	->	329	149	339	321	35	115	132	33	
329	->	11	149	339	61	305	321	35	115	132	
339	->	329	11	149	61	425	321	35	115	132	
149	->	329	339	61	35	158	115	132	428	33	
25	->	4	85	
85	->	4	171	25	
4	->	5	464	171	91	25	85	122	107	
5	->	4	174	464	171	91	218	399	122	311	424	107	
107	->	4	5	174	464	171	91	122	311	411	
91	->	4	5	464	174	103	311	122	107	411	
296	->	67	209	399	424	311	204	363	
399	->	296	67	5	464	209	114	424	204	493	348	
424	->	296	110	5	464	114	218	399	204	493	348	155	
464	->	4	5	174	91	218	399	424	311	122	107	
67	->	296	114	209	399	204	348	
114	->	67	341	399	271	424	204	493	348	
204	->	296	67	114	209	399	424	348	
256	->	497	480	285	335	271	71	
497	->	480	256	285	335	208	68	343	221	89	370	71	
71	->	497	480	256	179	
480	->	497	256	302	179	71	419	
302	->	480	225	68	261	34	419	
419	->	480	302	179	
43	->	393	253	427	123	57	361	197	219	
57	->	393	253	427	123	43	
253	->	393	427	123	57	43	
427	->	393	253	376	57	43	197	219	190	
14	->	173	401	432	94	197	219	
197	->	427	14	361	43	219	
219	->	427	181	14	361	43	197	
94	->	401	432	14	185	
168	->	173	401	422	432	305	234	321	313	
173	->	168	401	422	432	305	234	14	321	313	
401	->	168	173	432	94	14	313	185	
432	->	168	173	401	94	342	14	185	
247	->	305	313	83	115	
305	->	329	168	173	422	247	321	313	115	
313	->	168	173	422	401	247	305	234	321	115	
33	->	149	61	35	158	115	132	428	
115	->	329	149	339	61	247	305	321	313	132	33	
132	->	329	149	339	61	158	115	33	428	
158	->	149	278	132	492	33	428	
428	->	149	129	278	158	132	492	33	
315	->	294	470	129	444	122	360	411	
444	->	147	470	315	129	473	486	360	492	
470	->	294	150	147	315	129	479	444	122	486	360	411	
122	->	4	5	174	464	91	470	315	311	107	360	411	
174	->	5	294	464	91	103	122	311	107	360	411	372	
360	->	174	294	150	470	315	479	444	122	411	
411	->	174	91	470	315	479	103	311	360	294	150	122	107	372	
103	->	174	294	150	91	311	411	372	
311	->	296	5	464	174	91	103	122	107	411	
6	->	483	441	209	59	125	363	221	89	
125	->	483	441	209	59	6	363	221	89	
209	->	296	67	399	204	125	6	363	89	
363	->	296	483	209	125	6	
59	->	483	441	454	285	335	208	125	6	343	221	89	
89	->	497	483	285	209	335	59	208	125	6	221	
208	->	497	441	454	285	335	225	59	68	343	221	89	370	
221	->	497	285	335	59	208	125	6	343	89	
335	->	497	256	285	59	208	343	221	89	370	
68	->	497	285	302	225	208	343	261	34	370	
225	->	285	302	208	68	343	261	34	370	
285	->	497	256	335	225	59	208	68	343	221	89	370	
343	->	497	285	454	335	225	59	208	68	221	370	
370	->	497	285	335	225	208	68	343	34	
34	->	302	225	68	261	370	
261	->	249	302	225	68	34	
123	->	253	57	181	361	43	
181	->	317	452	123	491	361	219	
361	->	123	181	43	197	219	
185	->	401	432	94	342	
342	->	281	15	421	432	19	392	185	
83	->	247	344	
42	->	350	369	367	130	129	473	278	486	492	255	
130	->	350	369	367	147	494	129	42	473	60	278	486	492	
278	->	350	369	367	130	129	42	473	158	492	428	
350	->	369	367	147	130	129	42	473	278	486	492	255	
369	->	350	367	147	130	129	42	473	278	486	492	255	
492	->	350	369	147	130	129	42	473	444	278	486	158	428	
129	->	350	369	147	470	315	278	492	428	130	42	473	444	486	
147	->	350	369	470	479	492	294	367	150	130	163	129	473	444	60	486	
473	->	350	369	367	147	130	129	42	444	60	278	486	492	
486	->	350	369	147	470	479	492	367	150	130	129	42	473	444	60	
150	->	294	147	470	163	479	103	486	360	411	372	
294	->	174	150	147	470	315	479	103	360	411	372	
372	->	174	294	150	479	103	164	411	
479	->	294	150	147	470	163	60	486	360	411	372	
483	->	441	59	125	6	363	89	229	
55	->	395	72	213	441	454	151	481	90	229	
151	->	72	441	454	55	481	90	229	
229	->	72	483	213	441	454	55	151	481	90	
441	->	483	454	55	59	208	125	6	151	229	
76	->	454	283	481	177	
283	->	76	454	249	481	177	
454	->	76	441	55	59	208	283	343	151	481	229	
177	->	76	249	283	
249	->	283	261	177	
74	->	317	236	206	491	319	
206	->	191	498	74	317	452	236	491	377	319	420	
236	->	74	317	452	206	491	319	420	
317	->	74	452	236	206	491	181	319	
491	->	498	74	317	452	236	15	206	181	377	
15	->	246	498	452	19	491	342	377	322	392	
19	->	246	498	452	281	15	421	381	342	377	322	392	
246	->	498	191	452	210	316	15	314	19	381	377	322	392	
377	->	246	498	452	15	19	381	206	491	322	392	
392	->	246	498	452	281	15	421	19	381	342	377	322	
452	->	246	498	317	236	15	19	206	491	181	377	392	
498	->	191	452	15	19	206	491	322	246	210	316	314	381	377	392	
281	->	421	19	342	392	
421	->	281	19	342	322	392	
344	->	288	83	
86	->	288	77	255	
288	->	86	344	77	255	
255	->	350	86	369	367	288	42	77	
367	->	350	369	147	130	494	42	473	60	278	486	255	
60	->	367	147	130	163	494	479	473	265	486	144	
494	->	148	367	130	163	139	265	60	144	
78	->	148	163	265	144	374	407	390	
144	->	148	163	494	265	60	78	374	407	390	
163	->	148	150	147	479	494	265	60	78	144	
265	->	148	163	494	60	78	144	374	407	390	
101	->	213	212	164	390	
164	->	372	101	390	
390	->	265	164	78	144	101	407	
72	->	224	395	213	55	212	151	90	229	
212	->	224	72	213	161	101	
213	->	224	72	395	55	212	101	229	
90	->	72	395	55	227	151	481	229	
395	->	224	72	213	55	227	36	431	90	
481	->	76	454	55	227	283	151	90	229	
319	->	74	317	236	206	420	
420	->	191	236	206	319	50	
21	->	191	172	210	316	314	50	320	
50	->	191	172	210	316	21	314	420	320	
191	->	246	498	210	316	21	314	381	206	322	420	50	
210	->	246	498	191	172	316	21	314	381	322	50	
314	->	246	498	191	210	316	21	381	322	50	
316	->	246	498	191	172	210	21	314	381	322	50	
322	->	246	498	191	210	316	15	421	314	19	381	377	392	
381	->	246	498	191	210	316	314	19	377	322	392	
136	->	365	77	
77	->	86	288	136	365	255	
365	->	136	77	
472	->	386	156	165	139	
139	->	148	494	472	
148	->	163	494	139	265	78	144	407	
374	->	104	265	78	144	407	
407	->	148	104	265	78	144	374	390	
161	->	224	157	39	212	251	
224	->	72	395	213	212	36	161	
36	->	224	395	385	431	
385	->	157	228	36	276	431	397	
135	->	187	166	227	194	375	431	193	
166	->	187	227	135	194	375	431	193	
187	->	166	227	135	194	375	431	193	
194	->	187	166	82	227	135	375	431	193	
227	->	187	395	166	135	194	481	431	90	
431	->	187	395	166	227	36	385	135	194	193	
82	->	120	194	375	
120	->	82	152	375	
375	->	187	166	82	120	135	194	
127	->	169	195	445	178	320	
178	->	169	195	445	127	320	
195	->	169	445	127	178	320	
320	->	172	21	195	445	127	178	50	
172	->	210	316	21	423	70	50	320	
423	->	172	112	436	31	41	70	
41	->	307	449	436	423	70	291	
70	->	172	307	112	436	31	423	41	
307	->	449	41	70	291	
449	->	307	41	291	
291	->	307	449	41	
409	->	165	
165	->	293	386	466	413	409	472	477	
48	->	386	466	230	81	156	104	
156	->	386	466	230	81	104	48	472	
230	->	386	466	81	156	48	
386	->	293	466	230	156	165	48	472	477	
466	->	293	386	230	156	165	48	477	
81	->	230	156	104	48	287	211	
104	->	81	156	48	374	407	
28	->	9	248	39	105	251	437	211	394	282	157	243	276	391	
39	->	9	157	248	105	251	287	28	391	437	161	211	
105	->	248	39	287	28	437	211	
211	->	81	248	39	105	287	28	437	
248	->	9	39	105	251	287	28	391	437	211	394	
287	->	0	81	248	39	105	437	211	
437	->	9	248	214	39	105	251	327	211	394	282	157	243	287	28	276	391	
9	->	242	248	214	39	251	327	437	334	394	282	463	157	243	28	276	391	
157	->	9	39	251	437	394	282	463	243	28	276	391	385	161	
243	->	9	242	447	366	214	128	251	327	437	334	394	282	463	157	28	276	391	
251	->	9	282	157	243	248	39	28	276	391	161	437	394	
276	->	9	366	251	437	334	394	282	463	157	243	228	28	391	385	
282	->	9	242	366	214	251	327	437	334	394	463	157	243	228	28	276	391	
391	->	9	242	366	248	214	39	251	327	437	334	394	282	463	157	243	228	28	276	
394	->	9	242	447	248	214	128	251	327	437	282	157	243	28	276	391	
228	->	282	463	242	366	276	391	385	304	418	397	334	
397	->	463	366	228	203	385	17	334	193	
463	->	9	242	366	327	304	334	282	157	243	228	276	391	418	397	
193	->	187	166	152	203	135	194	431	397	
203	->	338	17	398	397	193	410	
152	->	96	120	398	193	
169	->	489	364	195	445	127	178	
445	->	169	489	195	127	178	320	
112	->	364	346	451	379	436	31	423	70	490	
31	->	364	112	346	451	379	436	423	70	490	
346	->	364	112	451	379	300	436	31	297	490	
436	->	112	346	451	379	31	423	41	70	490	
451	->	37	112	346	379	406	436	31	297	490	
434	->	64	382	460	306	356	406	27	16	145	175	488	
64	->	306	413	356	434	16	488	
306	->	64	413	356	434	16	488	
356	->	64	382	306	413	460	478	434	27	16	145	488	175	
413	->	293	64	306	356	478	165	408	16	477	
293	->	386	466	413	165	408	477	
408	->	293	435	413	478	477	
477	->	293	386	466	413	165	408	
0	->	239	93	287	354	217	442	312	
354	->	0	347	259	239	217	442	
93	->	159	0	303	429	143	447	214	128	126	133	200	327	
128	->	242	429	447	214	327	133	394	159	243	303	143	126	93	200	
214	->	9	242	429	447	128	327	437	394	282	243	303	126	93	391	
242	->	9	447	366	214	128	327	304	334	394	282	463	243	228	391	418	
327	->	9	242	429	447	366	214	128	437	334	394	282	463	243	93	391	418	
447	->	242	429	214	128	327	133	394	243	303	143	126	93	200	
304	->	463	242	366	228	32	418	17	334	
334	->	9	242	366	327	304	282	463	243	228	276	391	418	397	
366	->	282	463	243	242	228	327	276	391	304	418	397	334	
418	->	463	242	366	228	32	327	304	334	403	
17	->	32	203	338	304	398	397	410	
32	->	358	38	338	304	418	17	458	410	
338	->	38	32	203	17	398	458	410	
398	->	152	203	338	17	410	
410	->	38	32	203	338	17	398	
96	->	152	
412	->	440	30	188	268	131	231	489	495	79	257	182	153	456	
456	->	412	489	495	153	
489	->	169	412	440	495	364	445	456	
495	->	412	489	440	79	456	
199	->	268	231	440	79	364	257	300	439	475	297	490	
257	->	412	268	279	231	440	79	364	199	300	182	331	439	
300	->	268	440	79	364	199	257	346	439	475	297	490	
364	->	169	489	440	112	199	257	346	300	31	490	
440	->	331	412	268	231	489	495	79	364	199	257	300	182	153	
37	->	426	52	451	250	439	475	297	462	8	379	406	175	490	
297	->	426	52	346	451	439	475	37	199	462	300	379	406	490	
379	->	426	37	112	346	451	406	436	31	297	175	490	
490	->	112	346	451	436	439	31	297	37	364	199	300	379	406	
2	->	426	460	328	250	98	474	382	8	233	27	145	254	175	488	
8	->	2	426	382	37	460	328	250	27	145	175	488	
27	->	426	460	328	250	434	2	382	8	356	406	16	145	175	488	
175	->	426	460	250	434	2	382	37	8	356	379	406	27	145	488	
406	->	426	37	460	451	379	434	27	297	175	488	490	
426	->	2	37	460	8	379	406	250	27	297	175	
460	->	426	250	434	2	382	8	356	406	27	16	145	175	488	
16	->	64	382	306	413	460	205	356	478	434	27	145	488	
145	->	460	328	434	2	382	474	8	205	233	356	478	27	16	175	488	
205	->	435	262	382	474	328	3	233	478	16	145	416	
382	->	460	328	250	434	2	474	8	205	233	356	478	27	16	145	175	488	
478	->	435	382	413	205	233	356	408	16	145	488	
488	->	64	460	434	2	382	306	8	356	478	406	27	16	145	175	
435	->	262	3	205	184	233	478	408	387	
184	->	435	262	347	284	259	387	
259	->	109	347	239	184	298	237	284	318	354	119	217	373	387	
347	->	259	239	184	354	217	387	
387	->	435	262	347	259	184	416	
217	->	0	347	259	239	354	442	
239	->	0	347	284	259	318	354	217	442	
318	->	109	284	259	239	298	119	373	442	237	44	312	
442	->	159	0	109	284	239	318	354	217	44	312	
44	->	159	303	429	143	318	126	133	222	442	312	
126	->	429	447	214	378	128	133	44	159	303	143	93	200	312	
133	->	429	447	378	128	222	44	159	303	143	126	93	200	312	
143	->	159	303	429	447	378	128	126	93	133	200	44	312	
159	->	303	429	143	378	128	126	93	133	200	442	44	312	
303	->	159	429	143	447	214	128	126	93	133	200	44	312	
312	->	159	0	109	303	143	318	126	133	298	442	44	
200	->	159	303	429	447	143	128	378	126	93	133	403	
378	->	159	146	113	429	143	126	133	200	222	275	403	
429	->	447	214	128	378	327	133	44	159	303	143	126	93	200	
275	->	113	402	378	403	
403	->	378	200	418	275	
38	->	358	137	32	338	244	458	410	
358	->	402	137	38	32	244	458	
458	->	358	137	38	32	338	244	
46	->	349	137	244	20	
137	->	46	349	358	38	244	458	20	
244	->	46	349	358	137	38	458	20	
349	->	46	137	244	20	
30	->	279	323	188	45	459	331	412	268	131	231	95	79	182	153	
79	->	279	440	30	331	412	268	231	495	199	257	182	300	153	
131	->	412	279	231	95	476	30	188	182	459	153	331	
153	->	279	440	30	188	459	331	412	268	131	231	95	79	182	456	
182	->	279	323	440	30	188	45	459	331	412	268	131	231	79	257	153	
188	->	412	279	131	231	95	30	182	153	331	
231	->	279	323	440	30	188	459	331	412	268	131	79	199	257	182	153	
268	->	279	440	323	30	459	331	412	231	79	199	257	300	182	153	
279	->	323	476	30	188	45	459	331	268	131	231	79	257	182	153	
331	->	279	440	323	30	188	45	459	268	131	231	95	79	257	182	153	
52	->	37	106	462	487	439	475	297	
439	->	52	37	199	462	257	300	475	297	490	
462	->	52	196	37	106	487	439	475	297	336	
475	->	52	37	106	199	462	487	300	439	297	
98	->	2	196	474	328	487	250	336	254	216	355	
250	->	426	460	328	98	2	382	37	8	233	27	254	216	175	355	
355	->	88	196	328	487	250	98	336	254	216	
487	->	52	196	106	462	475	98	336	355	
216	->	88	474	328	389	3	233	250	98	254	388	355	
233	->	328	250	416	435	2	382	474	3	205	478	145	254	216	
254	->	2	88	474	328	389	3	233	250	98	216	355	
328	->	250	98	416	2	382	474	3	8	205	233	27	145	254	216	355	
474	->	328	98	388	416	201	2	382	53	3	205	233	145	254	216	
3	->	435	201	262	474	53	328	205	233	254	216	388	416	
53	->	201	262	474	333	332	3	389	270	388	453	416	
201	->	262	474	53	333	332	3	389	270	388	453	416	
262	->	435	201	53	3	205	184	387	388	416	
388	->	262	88	332	389	416	201	474	53	333	3	270	216	453	
416	->	201	262	474	53	333	332	328	3	205	233	387	388	
109	->	284	259	318	298	119	373	442	237	312	
119	->	109	63	284	259	318	298	235	373	116	237	433	
237	->	109	63	284	259	318	298	119	373	433	
284	->	109	259	239	184	318	298	119	373	442	237	
298	->	109	284	259	108	318	119	235	373	116	237	312	
373	->	109	284	259	318	298	119	237	
108	->	280	298	222	235	116	
113	->	146	378	222	353	275	207	
146	->	113	280	378	170	222	29	353	207	
207	->	146	113	170	482	29	353	245	
222	->	146	113	108	280	378	58	170	133	353	44	
353	->	146	113	280	58	170	310	222	29	207	
245	->	324	402	380	482	467	207	
380	->	324	402	69	482	467	245	
402	->	358	380	482	275	245	
482	->	324	402	380	207	245	
467	->	223	69	380	245	
20	->	46	349	137	160	244	
160	->	223	20	
95	->	131	476	30	188	459	153	331	
476	->	279	131	95	45	459	
45	->	279	476	323	30	182	459	331	
323	->	268	279	231	30	45	182	459	331	
459	->	268	279	131	231	95	476	323	30	45	182	153	331	
106	->	52	196	462	487	475	336	457	
457	->	1	106	22	336	100	
196	->	106	462	487	98	336	100	355	
336	->	196	106	462	487	98	100	355	457	
88	->	389	12	270	340	254	216	453	388	355	
389	->	201	88	333	53	12	270	340	254	216	453	388	
270	->	201	88	53	333	332	389	12	340	388	453	
332	->	201	63	53	333	270	388	453	416	433	
333	->	201	63	53	332	389	270	388	453	416	433	
453	->	201	88	53	333	332	389	12	270	340	388	
63	->	333	332	238	119	433	237	
433	->	63	333	332	119	237	
116	->	273	108	298	119	235	220	
235	->	108	273	280	58	298	119	116	
273	->	226	58	252	56	235	80	116	330	220	
29	->	146	371	10	280	58	310	396	47	207	170	384	353	295	
47	->	371	10	280	140	58	310	396	170	384	252	29	26	295	
58	->	273	280	170	310	252	222	235	396	29	47	353	
170	->	146	371	280	58	310	252	222	396	29	47	353	207	
280	->	146	108	58	170	310	252	222	235	29	47	353	
310	->	371	10	280	58	396	47	170	384	252	29	353	26	295	
396	->	371	10	58	170	384	310	252	29	47	26	295	
10	->	324	371	384	485	310	396	29	47	295	
371	->	10	170	384	310	396	29	47	295	26	
384	->	324	371	10	310	396	29	47	295	
69	->	324	223	380	467	
324	->	10	69	384	485	380	482	84	245	121	
223	->	69	160	467	
263	->	
22	->	232	1	457	
232	->	1	22	
1	->	232	22	292	457	
23	->	292	100	
100	->	196	23	336	292	457	
292	->	1	23	100	
12	->	88	389	270	340	453	
340	->	88	389	12	270	453	
62	->	240	73	337	238	289	
73	->	240	337	238	289	62	
238	->	63	240	73	337	289	62	400	
240	->	73	337	238	289	62	
289	->	18	240	73	337	238	62	400	220	
337	->	18	240	73	238	289	62	400	220	
18	->	226	337	56	289	330	400	220	
220	->	18	273	226	337	56	289	116	330	400	
400	->	18	337	56	238	289	220	
56	->	18	273	226	80	330	400	220	
80	->	273	140	226	252	56	330	26	
226	->	18	273	140	252	56	80	330	220	26	
252	->	273	280	226	58	170	310	396	80	47	330	26	
330	->	18	273	226	252	56	80	220	
26	->	371	140	226	310	252	396	47	80	295	
140	->	226	47	80	26	
295	->	371	10	384	485	310	396	29	47	26	
84	->	324	430	485	325	121	
121	->	324	485	84	325	
485	->	324	10	84	295	121	
325	->	430	84	121	
430	->	84	325	
