10
0.6643519260186973 1.4119095707730218
1.2243186527811154 1.8777503135594578
2.4421975486345424 0.43276364754269525
1.1585768403873833 0.6199996081357063
2.786671713942258 2.5581254432089113
1.6479506176047463 1.4966630068754847
0.3697169821042904 1.763874936561713
1.2225196874979158 0.13933034522805332
1.2595296943744714 0.7477368541364139
0.16208515229709897 2.6729627756932914
1.4234017054085375 0.0639082533951143
0.8407746369055037 1.1515088783295007
1.2071419421111598 1.8450376299225675
0.3641917795644053 0.6242533005971991
2.7167076865714517 2.91194064951574
0.5238604112331222 2.790997386000105
2.4368537242251396 2.5353034980621416
2.2997664949936656 0.33991308526589403
1.1745365536154102 1.671243658004998
0.1916083250412013 0.7914043020798232
2.5114922856278423 0.14396313327488908
1.552918203840223 1.9945508019175993
0.39083575046456465 0.9938483991234245
1.8395239336664138 1.339704361144872
0.2467066468521435 1.0482370944359745
2.2648734716204313 0.2615453430105015
2.213921227429931 0.7046885745072927
0.7795508711818907 2.711404081428739
1.4262646010289228 2.9429643936742567
2.560866034359163 2.975890625075594
0.2274906907174964 1.7020395546436922
2.31070500529718 1.5108703003330783
2.2782748283280947 1.9723343043817512
1.6158830687497265 0.3455634135956095
2.04529620653595 0.26097293774294394
2.4250480763722493 0.09104148989333227
2.0053026831594787 1.4892428141928182
0.3397335728405988 2.660632225502182
0.08744599473662973 1.8765447623090417
0.9044695071573967 1.4767398026004335
0.41134920408139397 2.9539925143187307
1.4119102093060278 1.1993275228064624
0.2563027546990613 2.533436460954337
1.9137449916398241 2.8658033290742653
0.4186616558431938 2.234054280764296
0.1467121747373451 1.7802902928104127
2.6799483360429464 0.03876720714573434
2.945340482553508 2.5322562721210846
0.0173441029777609 0.3166098740883101
0.4190978318582623 2.1602191613587864
